
Time: 14:12:29.063132
Delay: 0.0044375 msec
Distance: 1.5220625 m


Time: 14:12:31.909099
Delay: 0.00575 msec
Distance: 1.97225 m


Time: 14:12:34.135857
Delay: 0.001125 msec
Distance: 0.385875 m

